532,778054
673,3892
835,1602
1081,8647
1318,55672
1405,1441
1573,3359
1845,1604
1912,8
1912,8605
2202,2914
2514,1781
2731,1933
2860,1834
2866,4546
3032,1789
3336,1868
3502,2134
3581,2631
3747,52727
3800,1798
3964,1791
3964,1942
4001,2151
4039,2149
4045,4672
4045,5708
4092,3174
4243,1963
4500,1811
4599,1964
4681,1806
4828,10778
4859,1967
4894,3641
4930,2712
5002,1993
5194,2042
5194,5543
5194,5563
5360,7203
5364,2182
5396,1869
5511,2907
5618,1924
5618,1987
5618,8152
5841,1951
5841,1967
6120,1978
6276,21360
6390,58618
6475,2534
6502,2241
6527,3436
6543,1979
6543,3784
6561,2055
6579,2772
6626,2343
6649,1883
6786,7289
6939,3497
7033,1892
7076,2027
7152,1894
7163,5145
7305,2212
7390,1943
7566,2172
7589,2217
7682,2212
7736,4223
7976,182231
7976,182232
8162,2076
8162,2142
8321,2106
8402,3061
8774,1967
8818,3830
8930,2032
8931,2065
9122,1956
9685,2294
9685,2404
9698,1994
9801,2305
9909,278
9992,2472
10001,1981
10540,2146
10540,2410
10547,2923
10902,1921
10926,2051
11054,2784
11078,1959
11153,1907
11282,2139
11304,2456
11377,1980
11432,39888
11518,2415
11730,2114
11950,2054
12194,3282
12194,14621
12639,2102
12734,2036
12910,4359
13206,2110
13316,1987
13691,2057
14227,2150
14427,2089
15094,2222
15204,2512
15856,2013
16671,2040
17039,2697
17234,2134
18307,2629
18751,4433
20794,10422
20794,13196
21237,2184
22045,2005
23315,2042
23315,2125
23931,2075
24357,2041
24600,2130
24671,2042
27929,2468
29312,2064
29460,2077
29875,1989
32115,2028
32602,2018
34744,2137
37936,2035
39368,2277
39435,2079
41486,2016
43550,2025
43964,573741
44082,2049
45984,2017
46120,2029
48733,2663
49383,2837
50278,2028
50807,2185
52285,36748
52413,2515
54426,2023
54454,2029
54783,2018
55405,2019
55972,2019
55976,2504
56729,2122
58520,2021
59032,2193
60605,2023
60605,2492
62318,2934
62740,2032
63044,2030
65926,2195
66052,7284
66544,2057
66544,3822
66649,2088
67757,2076
67838,2025
68053,2024
69071,2021
69490,2197
70977,2099
71897,2254
72020,2036
72041,2091
72303,2039
76498,2048
76498,2459
76536,2034
77505,2105
77690,2397
77690,2681
77763,2024
79049,2027
79743,2029
80271,2027
80301,2026
81585,2129
81691,2061
81931,2800
82327,2087
82461,3619
82634,2028
82634,2480
83174,2293
84116,2027
85226,2028
87232,2032
88048,2074
89177,2066
89392,2028
89457,2032
90976,2030
91319,2040
91319,2070
91389,2025
92320,2026
92859,2030
93456,2030
94234,2073
95225,2042
96704,2058
98659,2028
99234,2029
99235,2028
99754,2027
100907,2032
100927,2119
100927,2322
101914,2051
103370,2027
103443,2050
103676,2029
104877,2090
105305,2072
105342,2023
105460,2048
106540,14218
106566,2608
107462,2038
108001,2062
110065,2088
110198,2026
112297,2045
114078,2026
117213,10818
118674,2027
119235,3247
119783,2068
122365,2051
122597,2055
122598,2187
123290,1158
124137,2067
124137,55659
126270,2063
127281,2055
127807,7186
128023,2269
129433,2037
129529,11098
130250,2041
130284,2269
130492,6862
132138,2033
132540,2602
132633,2030
134184,2139
134467,3695
134531,2629
134763,2037
136768,2041
137334,2031
141061,2211
141555,2037
142266,2034
142410,2046
143441,2050
144247,2046
145338,2218
145338,2219
148841,2085
149689,2079
153364,2027
153629,2230
155915,2040
156320,2128
156645,2024
156954,2032
157879,2042
158369,2065
158462,2130
158862,2040
158862,2085
158984,2022
159000,2023
159774,2033
160583,2193
160839,2277
161204,2094
162148,2037
163886,2173
164240,2023
164545,2023
165110,2052
165695,2033
165752,5017
165933,2044
166532,2034
166617,2152
166625,2049
166711,2128
167844,2072
169322,2029
169438,2139
169589,2025
170508,2022
170664,2097
173701,5258
173701,6748
175275,2341
175307,2169
175561,2025
175772,3536
175772,3632
175772,3679
176387,2046
177599,2031
177906,2451
179408,2026
180016,2025
180046,2031
181814,2025
184776,2050
187055,2025
187883,2024
188573,2197
189459,2029
190344,2113
194308,192807
194308,192989
194849,2071
197103,2049
200937,2047
202913,2033
203374,2562
204461,2031
204731,2147
205614,2025
206911,9055
207653,2027
207703,2170
207703,2727
208087,2027
208114,2027
208171,2041
210993,2060
211162,2078
211341,2038
211890,2271
211890,5965
213530,2036
214612,2030
215598,6438
216794,2038
218059,14015
218737,2038
218768,2035
219003,3109
219003,4938
221257,2164
221687,2033
222009,2036
222013,2037
222842,2036
223171,2909
223404,2042
223591,2062
225024,2046
225359,2038
225551,2054
226026,2047
226764,2037
227031,2042
230490,2060
231182,2263
232449,2200
232449,2349
233172,2043
239493,2847
239514,2034
244001,11108
245358,2047
247098,2056
247239,2047
248593,2421
250551,2449
253616,2180
254191,2035
255855,2319
255862,2204
256872,2045
257347,2041
257942,2038
257977,2041
259008,2112
259780,2040
260039,2040
260329,2480
260350,2711
260393,2039
263663,2050
267084,2061
268066,4755
270644,2066
272156,2043
274102,2543
276380,2177
276389,2051
276689,2088
278080,2163
279872,12182
280196,2053
283911,2038
286073,2082
286083,2050
286087,3289
288582,2035
288779,2064
289810,2130
290815,2078
292785,2052
292790,2101
293317,2046
293804,2036
294441,2036
295455,2037
296328,6012
299671,2036
300286,2038
300367,2213
301661,2081
301661,2241
303384,2046
313828,2992
313828,4181
323399,2068
324254,3545
329634,2064
330521,2046
333356,2393
335734,2048
337256,2097
340775,2101
345963,2503
348410,2055
350712,2051
350822,2097
352260,2099
353135,2075
357129,2056
358926,2094
365511,3664
366322,2056
376904,2055
381340,2676
387566,2057
388416,2085
390079,2051
390235,2049
392344,2153
395161,8088
396307,5801
396795,2119
397808,2226
400507,2211
400545,2065
400794,2048
401950,2122
402412,2116
403465,2131
406195,2073
407993,2126
408922,3900
408954,2103
411228,3368
414545,2264
415232,2060
417452,2311
418081,2128
418400,2057
419163,2057
419357,2064
421299,2058
422293,2382
423201,2208
423365,2054
423851,2123
427182,2085
428994,2071
432652,2187
435434,2090
435669,2167
442569,2095
444841,2063
445780,2128
446390,2114
446708,2090
446794,2072
450900,2579
452246,2063
453822,2111
453822,2145
454191,2153
456551,2072
456712,2055
456841,2089
456841,2092
457381,2135
458893,2071
459324,2085
460619,2443
461195,161
463191,2056
464630,2103
466595,2054
468707,2055
468875,2067
469414,2055
469521,2228
470647,2227
471993,2058
472150,2055
473300,2103
476345,2061
478608,2065
479274,5466
484861,2066
484891,2107
486952,2055
487880,2063
489889,2053
494749,2054
497049,2067
497049,2099
497593,2053
499283,2069
500961,2056
501203,2067
505623,2059
506277,2074
506390,2060
507654,2069
508791,2080
511329,2056
511458,2126
511807,2209
512115,2066
513453,2242
517370,2059
518943,2055
520126,2056
520262,2067
520616,2094
523648,2056
524119,2065
528754,2100
529351,2148
530696,2239
532892,2141
534098,2145
534483,2073
537500,2068
538253,2072
538812,2057
539202,2059
541320,2064
541571,2064
544015,2058
544358,2057
545310,2058
549559,2059
549714,2580
549866,2089
552183,2079
553822,2379
558239,2253
561173,2057
561526,2059
562487,2056
566375,2057
570738,2110
572373,2082
572651,2072
573074,2057
575149,2504
576935,2068
577172,2061
577426,2063
581108,2137
581711,2086
584664,2156
585048,2074
585713,2114
585713,2579
586651,2058
588070,2183
588831,3260
590405,2058
591990,2094
594906,2067
594945,2354
596164,2059
596929,2062
597711,4465
597976,2117
600201,2065
600205,2063
600344,2111
600741,2065
601945,2061
603335,2063
606671,2063
609676,2063
610586,2059
611482,2391
612042,2062
615006,2345
618954,2093
622579,2095
624706,2142
625379,2079
625379,2095
625724,2065
626181,2106
626268,2163
628357,2067
629264,2231
630705,2077
631442,2710
632439,2642
632684,2068
634877,2151
635419,2063
643121,2062
643274,2074
644394,2086
645445,2082
647834,2062
650716,2064
651372,2100
653342,2066
654957,2062
661107,2112
661478,2062
661668,2071
662664,2062
663018,2062
663153,2062
663210,2072
663210,2074
663608,2062
664495,2062
664697,2062
667212,2062
671371,2086
671556,2061
671871,2061
671901,2062
672671,2153
673173,2062
674359,2080
675267,2061
675536,2356
677665,2093
678791,2078
680825,2060
681433,2076
683787,2060
685187,2061
687285,2076
687285,2127
687326,2063
687650,32
688290,2165
688620,2060
699901,2060
702470,2122
702817,2108
703280,2060
704358,2067
704358,2229
705196,2263
705499,2062
705511,2087
705782,2069
706204,2063
706796,2097
707533,2386
710218,2064
712222,2065
712547,2520
717424,2062
719043,2082
719307,2066
719748,2120
720032,2062
720771,2063
723378,2068
723887,2121
724157,2062
724894,2280
728750,2078
730096,2610
730333,2549
731393,2074
731435,2171
733167,2099
733352,2064
734466,2097
734612,2092
735135,2098
735456,2065
736521,2066
737020,2213
737691,2064
738255,2065
742308,2070
743165,2064
743317,3589
743339,2069
744017,2065
747113,2090
749745,2064
751506,2095
751540,2064
751802,2064
754952,2083
757558,2064
758096,2062
759612,2085
760925,2063
761656,2065
764334,2065
764854,2069
764953,2557
767023,2142
767285,2066
767764,2066
769660,2475
769660,2709
770061,2071
771193,2069
773819,2082
774752,2068
776635,2072
776880,2073
776880,2129
778115,2325
778189,2065
779250,2115
779473,2070
781561,2068
782390,2069
782834,2065
783317,2063
783798,2094
787026,165
788043,2106
788419,2080
791011,2066
791767,2065
793954,2066
794028,2066
795178,2065
799573,2065
799949,2132
803300,2065
807178,2189
807559,2120
811613,2065
812030,2121
812200,2075
813638,2071
814782,2065
